4
30
-195.00000000000003 118.99999999999997
-195.00000000000003 116.0
-193.00000000000003 112.0
-191.0 108.0
-188.0 105.0
-185.0 102.0
-181.99999999999997 99.0
-177.99999999999997 97.0
-169.0 94.0
-164.0 94.0
-160.0 94.0
-154.99999999999997 94.0
-149.00000000000003 95.0
-144.0 97.0
-138.0 98.0
-133.0 100.0
-128.0 101.0
-116.0 103.0
-116.0 103.0
-111.0 103.0
-106.0 103.0
-101.0 103.0
-97.0 102.0
-94.0 100.0
-93.0 97.0
-92.0 95.0
-91.0 94.0
-91.0 93.00000000000003
-91.0 91.0
-91.0 91.0
44
-194.0 198.0
-191.0 198.0
-185.0 198.0
-166.0 198.0
-148.0 196.0
-141.0 192.0
-135.0 187.0
-130.0 179.0
-126.0 173.0
-123.0 168.0
-120.0 164.0
-119.0 162.0
-117.0 162.0
-115.0 164.0
-113.0 170.0
-111.0 180.0
-110.0 193.0
-111.0 205.0
-113.0 214.0
-115.0 219.0
-118.0 223.0
-119.0 224.0
-119.0 225.0
-117.0 224.0
-103.0 215.0
-91.0 208.0
-78.0 202.0
-65.0 196.0
-55.0 193.0
-48.0 190.0
-43.0 188.0
-41.0 186.0
-40.0 185.0
-40.0 181.0
-40.0 175.0
-41.0 166.0
-45.0 148.0
-47.0 143.0
-49.0 138.0
-51.0 135.0
-53.0 134.0
-54.0 133.0
-55.0 131.99999999999997
-56.0 131.99999999999997
37
-142.0 64.0
-142.0 69.99999999999997
-142.0 78.0
-141.0 88.0
-138.0 99.0
-131.0 108.0
-104.0 122.0
-90.0 123.0
-77.0 122.0
-65.0 117.0
-57.0 111.0
-53.0 107.0
-50.0 104.0
-49.0 102.0
-49.0 101.0
-49.0 101.0
-54.0 100.0
-63.0 98.0
-76.0 94.0
-90.0 91.0
-103.0 89.0
-113.0 89.0
-122.0 95.0
-127.0 107.0
-127.0 136.0
-127.0 136.0
-122.0 146.0
-113.0 151.0
-103.0 153.0
-91.0 152.0
-81.0 149.0
-72.0 146.0
-66.0 146.0
-62.0 146.0
-60.0 146.0
-59.0 146.0
-61.0 146.0
35
-67.0 54.00000000000003
-62.0 54.00000000000003
-50.0 54.00000000000003
-20.0 54.00000000000003
-20.0 54.00000000000003
-11.0 54.00000000000003
-4.0 54.00000000000003
0.0 56.99999999999997
1.0 62.0
-4.0 69.99999999999997
-15.0 76.0
-31.0 78.0
-48.0 77.0
-66.0 64.0
-84.0 36.0
-95.0 4.0
-102.0 -46.0
-102.0 -46.0
-100.0 -63.0
-95.0 -73.0
-87.0 -77.0
-75.0 -77.0
-62.0 -70.0
-53.0 -58.0
-47.0 -41.0
-46.0 -25.0
-49.0 -15.0
-54.0 -9.0
-61.0 -4.0
-61.0 -4.0
-64.0 -4.0
-65.0 -6.0
-66.0 -9.0
-67.0 -12.0
-67.0 -14.0
